     0.22943
     0.35577
     0.42670
     0.47489
     0.51064
     0.53783
     0.55843
     0.57370
     0.58452
     0.59155
     0.59531
     0.59622
     0.59463
     0.59083
     0.58509
     0.57764
     0.56868
     0.55840
     0.54697
     0.53455
     0.52128
     0.50728
     0.49268
     0.47758
     0.46209
     0.44628
     0.43025
     0.41407
     0.39779
     0.38147
     0.36517
     0.34893
     0.33279
     0.31678
     0.30093
     0.28528
     0.26983
     0.25463
     0.23968
     0.22501
     0.21064
     0.19660
     0.18290
     0.16958
     0.15667
     0.14419
     0.13218
     0.12069
     0.10975
     0.09940
     0.08961
     0.08045
     0.07200
     0.06415
     0.05696
     0.05045
     0.04448
     0.03907
     0.03424
     0.02982
     0.02587
     0.02230
     0.01900
     0.01604
     0.01334
     0.01086
     0.00851
     0.00638
     0.00440
     0.00255
     0.00082
    -0.00083
    -0.00245
    -0.00393
    -0.00535
    -0.00671
    -0.00802
    -0.00929
    -0.01052
    -0.01171
    -0.01287
    -0.01401
    -0.01512
    -0.01628
    -0.01735
    -0.01841
    -0.01946
    -0.02049
    -0.02151
    -0.02253
    -0.02353
    -0.02453
    -0.02552
    -0.02651
    -0.02750
    -0.02848
    -0.02946
    -0.03044
    -0.03142
    -0.03240
    -0.03338
    -0.03436
    -0.03534
    -0.03632
    -0.03731
    -0.03829
    -0.03928
    -0.04028
    -0.04127
    -0.04227
    -0.04327
    -0.04428
    -0.04529
    -0.04631
    -0.04733
    -0.04835
    -0.04938
    -0.05042
    -0.05146
    -0.05250
    -0.05362
    -0.05468
    -0.05574
    -0.05681
    -0.05788
    -0.05896
    -0.06005
    -0.06114
    -0.06224
    -0.06334
    -0.06445
    -0.06557
    -0.06669
    -0.06782
    -0.06896
    -0.07010
    -0.07125
    -0.07240
    -0.07357
    -0.07474
    -0.07591
    -0.07710
    -0.07829
    -0.07948
    -0.08069
    -0.08190
    -0.08312
    -0.08434
    -0.08557
    -0.08681
