     0.64054
     0.99793
     1.20763
     1.35801
     1.47674
     1.57413
     1.65544
     1.72394
     1.78189
     1.83093
     1.87233
     1.90705
     1.93587
     1.95944
     1.97827
     1.99283
     2.00347
     2.01055
     2.01434
     2.01510
     2.01306
     2.00842
     2.00137
     1.99210
     1.98073
     1.96744
     1.95234
     1.93557
     1.91726
     1.89751
     1.87642
     1.85411
     1.83067
     1.80619
     1.78075
     1.75445
     1.72735
     1.69954
     1.67108
     1.64205
     1.61251
     1.58252
     1.55215
     1.52144
     1.49044
     1.45922
     1.42780
     1.39625
     1.36459
     1.33287
     1.30112
     1.26938
     1.23767
     1.20602
     1.17447
     1.14303
     1.11173
     1.08059
     1.04963
     1.01886
     0.98831
     0.95798
     0.92789
     0.89806
     0.86849
     0.83921
     0.81021
     0.78152
     0.75313
     0.72508
     0.69735
     0.66998
     0.64296
     0.61632
     0.59006
     0.56421
     0.53877
     0.51377
     0.48923
     0.46516
     0.44159
     0.41855
     0.39606
     0.37414
     0.35284
     0.33217
     0.31216
     0.29285
     0.27426
     0.25642
     0.23934
     0.22305
     0.20755
     0.19285
     0.17894
     0.16582
     0.15347
     0.14186
     0.13097
     0.12077
     0.11122
     0.10229
     0.09393
     0.08611
     0.07879
     0.07193
     0.06551
     0.05940
     0.05372
     0.04830
     0.04324
     0.03845
     0.03386
     0.02955
     0.02545
     0.02155
     0.01776
     0.01420
     0.01078
     0.00750
     0.00428
     0.00124
    -0.00170
    -0.00454
    -0.00729
    -0.01001
    -0.01261
    -0.01513
    -0.01759
    -0.01998
    -0.02232
    -0.02467
    -0.02691
    -0.02911
    -0.03126
    -0.03338
    -0.03546
    -0.03751
    -0.03952
    -0.04151
    -0.04354
    -0.04548
    -0.04739
    -0.04929
    -0.05117
    -0.05302
    -0.05487
    -0.05669
    -0.05850
    -0.06030
