     0.02672
     0.04209
     0.05400
     0.06398
     0.07283
     0.07975
     0.08608
     0.09154
     0.09633
     0.10043
     0.10395
     0.10696
     0.10951
     0.11167
     0.11339
     0.11475
     0.11578
     0.11649
     0.11692
     0.11709
     0.11701
     0.11670
     0.11618
     0.11545
     0.11454
     0.11345
     0.11220
     0.11080
     0.10920
     0.10752
     0.10572
     0.10380
     0.10177
     0.09965
     0.09743
     0.09513
     0.09270
     0.09024
     0.08772
     0.08515
     0.08252
     0.07984
     0.07707
     0.07431
     0.07152
     0.06871
     0.06588
     0.06297
     0.06010
     0.05723
     0.05435
     0.05148
     0.04855
     0.04569
     0.04284
     0.04000
     0.03713
     0.03433
     0.03156
     0.02882
     0.02604
     0.02336
     0.02072
     0.01811
     0.01547
     0.01294
     0.01045
     0.00801
     0.00554
     0.00318
     0.00087
    -0.00146
    -0.00368
    -0.00122
    -0.00384
    -0.01011
    -0.01219
    -0.01420
    -0.01616
    -0.01833
    -0.02035
    -0.02192
    -0.02360
    -0.02534
    -0.02701
    -0.02864
    -0.03031
    -0.03188
    -0.03342
    -0.03492
    -0.03639
    -0.03789
    -0.03931
    -0.04069
    -0.04204
    -0.04336
    -0.04466
    -0.04594
    -0.04719
    -0.04842
    -0.04970
    -0.05089
    -0.05207
    -0.05323
    -0.05437
    -0.05549
    -0.05661
    -0.05771
    -0.05880
    -0.05987
    -0.06094
    -0.06200
    -0.06305
    -0.06410
    -0.06513
    -0.06617
    -0.06719
    -0.06821
    -0.06923
    -0.07025
    -0.07126
    -0.07228
    -0.07329
    -0.07430
    -0.07531
    -0.07632
    -0.07733
    -0.07834
    -0.07935
    -0.08037
    -0.08139
    -0.08241
    -0.08343
    -0.08446
    -0.08549
    -0.08653
    -0.08757
    -0.08861
    -0.08966
    -0.09072
    -0.09178
    -0.09284
    -0.09391
    -0.09499
    -0.09607
    -0.09716
    -0.09825
    -0.09936
    -0.10046
    -0.10158
