     0.00016
     0.00015
     0.00013
     0.00010
     0.00006
     0.00002
    -0.00003
    -0.00009
    -0.00016
    -0.00024
    -0.00032
    -0.00041
    -0.00051
    -0.00062
    -0.00074
    -0.00086
    -0.00099
    -0.00113
    -0.00128
    -0.00144
    -0.00160
    -0.00177
    -0.00195
    -0.00214
    -0.00234
    -0.00254
    -0.00275
    -0.00297
    -0.00320
    -0.00344
    -0.00368
    -0.00393
    -0.00419
    -0.00446
    -0.00474
    -0.00502
    -0.00531
    -0.00561
    -0.00592
    -0.00624
    -0.00656
    -0.00689
    -0.00723
    -0.00758
    -0.00794
    -0.00830
    -0.00867
    -0.00905
    -0.00944
    -0.00984
    -0.01024
    -0.01065
    -0.01107
    -0.01150
    -0.01194
    -0.01238
    -0.01283
    -0.01329
    -0.01376
    -0.01424
    -0.00004
    -0.01521
    -0.01571
    -0.01622
    -0.01674
    -0.01726
    -0.01779
    -0.01833
    -0.01888
    -0.01944
    -0.02000
    -0.02057
    -0.02115
    -0.02174
    -0.02234
    -0.02294
    -0.02355
    -0.02417
    -0.02480
    -0.02544
    -0.02608
    -0.02673
    -0.02739
    -0.02806
    -0.02874
    -0.02942
    -0.03011
    -0.03081
    -0.03152
    -0.03224
    -0.03296
    -0.03369
    -0.03443
    -0.03518
    -0.03594
    -0.03670
    -0.03747
    -0.03825
    -0.03904
    -0.03984
    -0.04064
    -0.04145
    -0.04227
    -0.04310
    -0.04394
    -0.04478
    -0.04563
    -0.04649
    -0.04736
    -0.04824
    -0.04912
    -0.05001
    -0.05091
    -0.05182
    -0.05274
    -0.05366
    -0.05459
    -0.05553
    -0.05648
    -0.05744
    -0.05840
    -0.05937
    -0.06035
    -0.06134
    -0.06234
    -0.06334
    -0.06435
    -0.06537
    -0.06640
    -0.06744
    -0.06848
    -0.06953
    -0.07059
    -0.07166
    -0.07274
    -0.07382
    -0.07491
    -0.07601
    -0.07712
    -0.07824
    -0.07936
    -0.08049
    -0.08163
    -0.08278
    -0.08394
    -0.08510
    -0.08627
    -0.08745
    -0.08864
    -0.08984
