     0.04415
     0.07179
     0.09402
     0.11327
     0.13035
     0.14545
     0.15911
     0.17146
     0.18266
     0.19282
     0.20205
     0.21042
     0.21802
     0.22490
     0.23111
     0.23671
     0.24174
     0.24623
     0.25023
     0.25376
     0.25685
     0.25953
     0.26182
     0.26374
     0.26532
     0.26657
     0.26751
     0.26816
     0.26853
     0.26864
     0.26850
     0.26812
     0.26751
     0.26668
     0.26565
     0.26442
     0.26301
     0.26142
     0.25966
     0.25773
     0.25565
     0.25343
     0.25106
     0.24857
     0.24594
     0.24319
     0.24033
     0.23735
     0.23428
     0.23110
     0.22783
     0.22446
     0.22102
     0.21749
     0.21389
     0.21022
     0.20648
     0.20267
     0.19881
     0.19489
     0.19092
     0.18691
     0.18284
     0.17874
     0.17460
     0.17043
     0.16623
     0.16200
     0.15775
     0.15347
     0.14918
     0.14487
     0.14055
     0.13623
     0.13189
     0.12756
     0.12322
     0.11888
     0.11455
     0.11023
     0.10591
     0.10161
     0.09727
     0.09299
     0.08873
     0.08449
     0.08028
     0.07603
     0.07185
     0.06771
     0.06360
     0.05945
     0.05540
     0.05138
     0.04739
     0.04338
     0.03946
     0.03559
     0.03175
     0.02789
     0.02413
     0.02042
     0.01669
     0.01305
     0.00947
     0.00593
     0.00237
    -0.00108
    -0.00448
    -0.00790
    -0.01121
    -0.01447
    -0.01768
    -0.02091
    -0.02404
    -0.02710
    -0.03019
    -0.02971
    -0.03609
    -0.03744
    -0.04186
    -0.04470
    -0.04593
    -0.04892
    -0.05286
    -0.05604
    -0.05818
    -0.05787
    -0.06315
    -0.06557
    -0.06802
    -0.07037
    -0.07268
    -0.07496
    -0.07727
    -0.07948
    -0.08165
    -0.08378
    -0.08588
    -0.08802
    -0.09006
    -0.09207
    -0.09404
    -0.09599
    -0.09791
    -0.09987
    -0.10173
    -0.10357
    -0.10539
    -0.10718
