     0.04612
     0.07525
     0.09855
     0.11887
     0.13685
     0.15292
     0.16742
     0.18056
     0.19250
     0.20336
     0.21325
     0.22224
     0.23043
     0.23786
     0.24460
     0.25071
     0.25621
     0.26116
     0.26558
     0.26952
     0.27300
     0.27605
     0.27869
     0.28095
     0.28285
     0.28441
     0.28564
     0.28656
     0.28720
     0.28755
     0.28765
     0.28749
     0.28709
     0.28646
     0.28562
     0.28458
     0.28333
     0.28190
     0.28029
     0.27850
     0.27656
     0.27445
     0.27220
     0.26981
     0.26727
     0.26461
     0.26183
     0.25893
     0.25591
     0.25279
     0.24957
     0.24625
     0.24284
     0.23934
     0.23575
     0.23209
     0.22835
     0.22455
     0.22068
     0.21674
     0.21275
     0.20870
     0.20460
     0.20045
     0.19626
     0.19203
     0.18776
     0.18346
     0.17913
     0.17477
     0.17038
     0.16597
     0.16155
     0.15710
     0.15265
     0.14818
     0.14371
     0.13923
     0.13475
     0.13027
     0.12579
     0.12132
     0.11686
     0.11240
     0.10796
     0.10353
     0.09912
     0.09467
     0.09029
     0.08594
     0.08160
     0.07730
     0.07296
     0.06870
     0.06448
     0.06029
     0.05607
     0.05194
     0.04784
     0.04379
     0.03971
     0.03573
     0.03178
     0.02788
     0.02396
     0.02014
     0.01636
     0.01257
     0.00888
     0.00523
     0.00164
    -0.00198
    -0.00549
    -0.00895
    -0.01242
    -0.01579
    -0.01911
    -0.02238
    -0.02567
    -0.02885
    -0.03198
    -0.03513
    -0.03816
    -0.04114
    -0.04279
    -0.04703
    -0.04993
    -0.05276
    -0.05550
    -0.05857
    -0.06132
    -0.06407
    -0.06624
    -0.06881
    -0.07129
    -0.07381
    -0.07622
    -0.07860
    -0.08094
    -0.08331
    -0.08558
    -0.08782
    -0.09002
    -0.09225
    -0.09438
    -0.09648
    -0.09855
    -0.10059
    -0.10260
    -0.10465
