     1.11589
     1.74052
     2.11135
     2.38088
     2.59677
     2.77678
     2.92995
     3.06193
     3.17657
     3.27670
     3.36444
     3.44146
     3.50905
     3.56829
     3.62005
     3.66506
     3.70393
     3.73719
     3.76529
     3.78864
     3.80757
     3.82239
     3.83337
     3.84077
     3.84480
     3.84568
     3.84357
     3.83866
     3.83109
     3.82102
     3.80858
     3.79390
     3.77709
     3.75827
     3.73755
     3.71503
     3.69080
     3.66495
     3.63757
     3.60876
     3.57857
     3.54711
     3.51443
     3.48061
     3.44572
     3.40983
     3.37300
     3.33530
     3.29678
     3.25750
     3.21751
     3.17688
     3.13566
     3.09388
     3.05161
     3.00889
     2.96577
     2.92228
     2.87847
     2.83438
     2.79005
     2.74551
     2.70080
     2.65595
     2.61100
     2.56597
     2.52089
     2.47580
     2.43071
     2.38565
     2.34064
     2.29571
     2.25088
     2.20617
     2.16159
     2.11716
     2.07290
     2.02883
     1.98495
     1.94129
     1.89784
     1.85464
     1.81168
     1.76898
     1.72654
     1.68439
     1.64252
     1.60094
     1.55966
     1.51870
     1.47805
     1.43773
     1.39775
     1.35810
     1.31880
     1.27986
     1.24129
     1.20309
     1.16528
     1.12785
     1.09083
     1.05423
     1.01805
     0.98231
     0.94703
     0.91221
     0.87789
     0.84406
     0.81075
     0.77799
     0.74579
     0.71418
     0.68318
     0.65282
     0.62312
     0.59410
     0.56581
     0.53826
     0.51147
     0.48549
     0.46032
     0.43599
     0.41251
     0.38991
     0.36820
     0.34736
     0.32742
     0.30836
     0.29017
     0.27284
     0.25635
     0.24068
     0.22579
     0.21166
     0.19826
     0.18555
     0.17350
     0.16207
     0.15123
     0.14094
     0.13117
     0.12189
     0.11307
     0.10467
     0.09666
     0.08903
     0.08175
     0.07479
     0.06813
     0.06175
