     0.82941
     1.29300
     1.56670
     1.76438
     1.92166
     2.05180
     2.16158
     2.25521
     2.33557
     2.40479
     2.46446
     2.51582
     2.55988
     2.59742
     2.62913
     2.65554
     2.67714
     2.69433
     2.70746
     2.71685
     2.72277
     2.72546
     2.72514
     2.72200
     2.71624
     2.70801
     2.69748
     2.68478
     2.67006
     2.65343
     2.63501
     2.61491
     2.59324
     2.57011
     2.54559
     2.51979
     2.49280
     2.46468
     2.43554
     2.40543
     2.37444
     2.34263
     2.31007
     2.27684
     2.24297
     2.20855
     2.17362
     2.13824
     2.10247
     2.06634
     2.02991
     1.99322
     1.95632
     1.91924
     1.88202
     1.84471
     1.80733
     1.76991
     1.73250
     1.69510
     1.65776
     1.62049
     1.58333
     1.54628
     1.50938
     1.47263
     1.43607
     1.39969
     1.36353
     1.32759
     1.29188
     1.25643
     1.22123
     1.18631
     1.15167
     1.11732
     1.08327
     1.04953
     1.01611
     0.98302
     0.95027
     0.91787
     0.88583
     0.85415
     0.82286
     0.79197
     0.76147
     0.73140
     0.70177
     0.67259
     0.64387
     0.61565
     0.58794
     0.56076
     0.53413
     0.50809
     0.48266
     0.45786
     0.43373
     0.41029
     0.38757
     0.36559
     0.34439
     0.32398
     0.30438
     0.28561
     0.26767
     0.25057
     0.23430
     0.21886
     0.20423
     0.19039
     0.17732
     0.16499
     0.15336
     0.14240
     0.13208
     0.12235
     0.11319
     0.10456
     0.09641
     0.08872
     0.08145
     0.07458
     0.06806
     0.06189
     0.05603
     0.05045
     0.04509
     0.04001
     0.03517
     0.03053
     0.02603
     0.02176
     0.01766
     0.01371
     0.00984
     0.00615
     0.00259
     0.00002
    -0.00425
    -0.00750
    -0.01066
    -0.01373
    -0.01672
    -0.01964
    -0.02255
    -0.02534
    -0.02807
    -0.03074
