     0.36659
     0.56997
     0.68704
     0.76911
     0.83228
     0.88257
     0.92307
     0.95568
     0.98174
     1.00223
     1.01791
     1.02938
     1.03711
     1.04152
     1.04294
     1.04166
     1.03796
     1.03205
     1.02414
     1.01442
     1.00306
     0.99021
     0.97602
     0.96064
     0.94417
     0.92675
     0.90848
     0.88946
     0.86979
     0.84957
     0.82887
     0.80777
     0.78634
     0.76466
     0.74278
     0.72076
     0.69864
     0.67649
     0.65433
     0.63221
     0.61017
     0.58823
     0.56642
     0.54477
     0.52331
     0.50204
     0.48100
     0.46020
     0.43965
     0.41938
     0.39939
     0.37971
     0.36035
     0.34133
     0.32267
     0.30438
     0.28649
     0.26902
     0.25199
     0.23544
     0.21940
     0.20389
     0.18895
     0.17462
     0.16092
     0.14788
     0.13554
     0.12391
     0.11300
     0.10282
     0.09336
     0.08454
     0.07644
     0.06892
     0.06206
     0.05568
     0.04988
     0.04447
     0.03955
     0.03495
     0.03075
     0.02687
     0.02319
     0.01982
     0.01667
     0.01365
     0.01087
     0.00825
     0.00577
     0.00341
     0.00111
    -0.00104
    -0.00309
    -0.00506
    -0.00696
    -0.00879
    -0.01062
    -0.01234
    -0.01402
    -0.01564
    -0.01723
    -0.01878
    -0.02030
    -0.02179
    -0.02325
    -0.02468
    -0.02610
    -0.02756
    -0.02894
    -0.03030
    -0.03165
    -0.03299
    -0.03431
    -0.03563
    -0.03693
    -0.03823
    -0.03952
    -0.04080
    -0.04208
    -0.04335
    -0.04462
    -0.04588
    -0.04715
    -0.04841
    -0.04966
    -0.05092
    -0.05218
    -0.05350
    -0.05476
    -0.05602
    -0.05728
    -0.05854
    -0.05980
    -0.06107
    -0.06233
    -0.06360
    -0.06487
    -0.06615
    -0.06742
    -0.06870
    -0.06999
    -0.07128
    -0.07257
    -0.07386
    -0.07516
    -0.07647
    -0.07778
    -0.07909
    -0.08041
    -0.08173
