     0.04808
     0.07800
     0.10277
     0.12416
     0.14298
     0.15990
     0.17519
     0.18907
     0.20170
     0.21322
     0.22372
     0.23329
     0.24203
     0.24998
     0.25722
     0.26379
     0.26974
     0.27511
     0.27994
     0.28427
     0.28811
     0.29151
     0.29449
     0.29706
     0.29927
     0.30111
     0.30261
     0.30380
     0.30468
     0.30527
     0.30559
     0.30564
     0.30545
     0.30502
     0.30436
     0.30349
     0.30240
     0.30113
     0.29966
     0.29801
     0.29619
     0.29421
     0.29207
     0.28978
     0.28735
     0.28478
     0.28208
     0.27925
     0.27630
     0.27324
     0.27007
     0.26680
     0.26343
     0.25996
     0.25641
     0.25277
     0.24905
     0.24525
     0.24138
     0.23744
     0.23344
     0.22937
     0.22525
     0.22107
     0.21685
     0.21258
     0.20826
     0.20390
     0.19951
     0.19509
     0.19063
     0.18614
     0.18163
     0.17710
     0.17255
     0.16799
     0.16340
     0.15881
     0.15421
     0.14961
     0.14500
     0.14039
     0.13578
     0.13118
     0.12658
     0.12199
     0.11741
     0.11284
     0.10829
     0.10376
     0.09924
     0.09475
     0.09022
     0.08576
     0.08134
     0.07694
     0.07251
     0.06817
     0.06385
     0.05957
     0.05533
     0.05105
     0.04687
     0.04273
     0.03863
     0.03451
     0.03048
     0.02650
     0.02250
     0.01860
     0.01474
     0.01093
     0.00710
     0.00337
    -0.00031
    -0.00400
    -0.00759
    -0.01114
    -0.01463
    -0.01814
    -0.02154
    -0.02490
    -0.02827
    -0.03153
    -0.03474
    -0.03481
    -0.04108
    -0.04415
    -0.04573
    -0.04933
    -0.05319
    -0.05605
    -0.05896
    -0.06180
    -0.06521
    -0.06679
    -0.07002
    -0.06669
    -0.07522
    -0.07781
    -0.08031
    -0.08277
    -0.08519
    -0.08764
    -0.08999
    -0.09230
    -0.09458
    -0.09689
    -0.09910
    -0.10128
