     1.17676
     1.83561
     2.22707
     2.51188
     2.74024
     2.93086
     3.09328
     3.23342
     3.35537
     3.46210
     3.55584
     3.63835
     3.71099
     3.77489
     3.83096
     3.87997
     3.92257
     3.95931
     3.99068
     4.01707
     4.03885
     4.05634
     4.06983
     4.07958
     4.08582
     4.08875
     4.08857
     4.08546
     4.07958
     4.07107
     4.06009
     4.04675
     4.03118
     4.01350
     3.99381
     3.97222
     3.94883
     3.92373
     3.89701
     3.86875
     3.83904
     3.80796
     3.77558
     3.74197
     3.70721
     3.67136
     3.63449
     3.59666
     3.55794
     3.51838
     3.47803
     3.43696
     3.39522
     3.35286
     3.30993
     3.26648
     3.22255
     3.17820
     3.13345
     3.08836
     3.04296
     2.99729
     2.95139
     2.90530
     2.85904
     2.81265
     2.76616
     2.71960
     2.67300
     2.62638
     2.57978
     2.53320
     2.48668
     2.44024
     2.39390
     2.34767
     2.30158
     2.25563
     2.20986
     2.16427
     2.11888
     2.07369
     2.02873
     1.98400
     1.93952
     1.89529
     1.85133
     1.80764
     1.76424
     1.72113
     1.67831
     1.63581
     1.59362
     1.55175
     1.51022
     1.46902
     1.42816
     1.38766
     1.34752
     1.30775
     1.26836
     1.22935
     1.19074
     1.15253
     1.11474
     1.07738
     1.04046
     1.00399
     0.96799
     0.93248
     0.89747
     0.86299
     0.82904
     0.79566
     0.76286
     0.73067
     0.69911
     0.66821
     0.63799
     0.60849
     0.57972
     0.55172
     0.52451
     0.49812
     0.47256
     0.44787
     0.42404
     0.40110
     0.37906
     0.35791
     0.33766
     0.31830
     0.29982
     0.28220
     0.26542
     0.24946
     0.23429
     0.21988
     0.20619
     0.19320
     0.18087
     0.16917
     0.15805
     0.14749
     0.13745
     0.12790
     0.11881
     0.11015
     0.10189
     0.09401
