     0.05121
     0.08385
     0.11054
     0.13367
     0.15423
     0.17270
     0.18943
     0.20466
     0.21856
     0.23126
     0.24288
     0.25352
     0.26326
     0.27217
     0.28032
     0.28775
     0.29452
     0.30067
     0.30624
     0.31127
     0.31580
     0.31984
     0.32343
     0.32659
     0.32935
     0.33173
     0.33374
     0.33541
     0.33676
     0.33779
     0.33853
     0.33898
     0.33917
     0.33910
     0.33879
     0.33824
     0.33747
     0.33649
     0.33530
     0.33392
     0.33235
     0.33060
     0.32868
     0.32660
     0.32436
     0.32197
     0.31943
     0.31676
     0.31396
     0.31103
     0.30798
     0.30481
     0.30154
     0.29815
     0.29467
     0.29109
     0.28742
     0.28366
     0.27982
     0.27590
     0.27190
     0.26784
     0.26370
     0.25950
     0.25524
     0.25092
     0.24655
     0.24213
     0.23766
     0.23315
     0.22860
     0.22400
     0.21938
     0.21472
     0.21003
     0.20532
     0.20058
     0.19582
     0.19105
     0.18626
     0.18145
     0.17663
     0.17181
     0.16698
     0.16214
     0.15731
     0.15247
     0.14764
     0.14281
     0.13799
     0.13318
     0.12838
     0.12359
     0.11881
     0.11406
     0.10932
     0.10461
     0.09991
     0.09524
     0.09060
     0.08598
     0.08133
     0.07677
     0.07223
     0.06773
     0.06321
     0.05877
     0.05436
     0.05000
     0.04561
     0.04132
     0.03706
     0.03285
     0.02862
     0.02448
     0.02039
     0.01634
     0.01227
     0.00831
     0.00439
     0.00046
    -0.00337
    -0.00716
    -0.01090
    -0.01465
    -0.01830
    -0.02190
    -0.02552
    -0.02902
    -0.03248
    -0.03251
    -0.03933
    -0.04265
    -0.04592
    -0.04921
    -0.05239
    -0.05428
    -0.05802
    -0.06175
    -0.06472
    -0.06773
    -0.07094
    -0.07404
    -0.07652
    -0.07715
    -0.08201
    -0.08468
    -0.08739
    -0.09000
    -0.09257
