     0.32716
     0.50837
     0.61215
     0.68443
     0.73968
     0.78327
     0.81799
     0.84554
     0.86713
     0.88365
     0.89579
     0.90409
     0.90900
     0.91088
     0.91005
     0.90679
     0.90134
     0.89392
     0.88472
     0.87392
     0.86168
     0.84816
     0.83349
     0.81780
     0.80122
     0.78385
     0.76580
     0.74718
     0.72806
     0.70853
     0.68867
     0.66854
     0.64822
     0.62777
     0.60723
     0.58665
     0.56608
     0.54556
     0.52512
     0.50480
     0.48462
     0.46460
     0.44478
     0.42518
     0.40580
     0.38667
     0.36782
     0.34924
     0.33097
     0.31302
     0.29541
     0.27816
     0.26128
     0.24481
     0.22877
     0.21318
     0.19808
     0.18350
     0.16948
     0.15604
     0.14322
     0.13106
     0.11958
     0.10880
     0.09874
     0.08933
     0.08067
     0.07262
     0.06528
     0.05848
     0.05225
     0.04659
     0.04142
     0.03660
     0.03225
     0.02817
     0.02447
     0.02104
     0.01780
     0.01484
     0.01207
     0.00948
     0.00698
     0.00467
     0.00248
     0.00041
    -0.00157
    -0.00347
    -0.00535
    -0.00710
    -0.00878
    -0.01041
    -0.01199
    -0.01353
    -0.01503
    -0.01649
    -0.01791
    -0.01937
    -0.02075
    -0.02210
    -0.02342
    -0.02473
    -0.02602
    -0.02730
    -0.02856
    -0.02981
    -0.03105
    -0.03228
    -0.03350
    -0.03472
    -0.03592
    -0.03713
    -0.03832
    -0.03952
    -0.04077
    -0.04196
    -0.04315
    -0.04433
    -0.04552
    -0.04670
    -0.04788
    -0.04907
    -0.05025
    -0.05144
    -0.05262
    -0.05381
    -0.05501
    -0.05620
    -0.05740
    -0.05860
    -0.05980
    -0.06100
    -0.06221
    -0.06343
    -0.06464
    -0.06586
    -0.06709
    -0.06832
    -0.06955
    -0.07079
    -0.07204
    -0.07329
    -0.07454
    -0.07580
    -0.07706
    -0.07833
    -0.07961
    -0.08089
    -0.08217
    -0.08347
