     0.04302
     0.06811
     0.08909
     0.10722
     0.12330
     0.13742
     0.15015
     0.16165
     0.17205
     0.18146
     0.18997
     0.19768
     0.20464
     0.21092
     0.21656
     0.22162
     0.22614
     0.23015
     0.23368
     0.23677
     0.23945
     0.24173
     0.24364
     0.24521
     0.24645
     0.24738
     0.24801
     0.24837
     0.24847
     0.24831
     0.24792
     0.24730
     0.24647
     0.24544
     0.24421
     0.24280
     0.24121
     0.23945
     0.23754
     0.23547
     0.23326
     0.23092
     0.22844
     0.22584
     0.22312
     0.22029
     0.21735
     0.21431
     0.21118
     0.20795
     0.20464
     0.20125
     0.19778
     0.19424
     0.19063
     0.18696
     0.18323
     0.17945
     0.17561
     0.17173
     0.16781
     0.16384
     0.15984
     0.15581
     0.15174
     0.14766
     0.14355
     0.13942
     0.13527
     0.13112
     0.12695
     0.12278
     0.11860
     0.11442
     0.11025
     0.10608
     0.10186
     0.09770
     0.09355
     0.08942
     0.08531
     0.08115
     0.07707
     0.07301
     0.06898
     0.06491
     0.06093
     0.05698
     0.05306
     0.04911
     0.04525
     0.04143
     0.03765
     0.03384
     0.03014
     0.02647
     0.02285
     0.01920
     0.01566
     0.01216
     0.00865
     0.00524
     0.00188
    -0.00143
    -0.00476
    -0.00799
    -0.01116
    -0.01435
    -0.01743
    -0.02046
    -0.02344
    -0.02226
    -0.02933
    -0.02989
    -0.03502
    -0.03776
    -0.04051
    -0.04157
    -0.04579
    -0.04865
    -0.05133
    -0.05356
    -0.05591
    -0.05832
    -0.06065
    -0.06302
    -0.06528
    -0.06751
    -0.06970
    -0.07192
    -0.07404
    -0.07612
    -0.07817
    -0.08019
    -0.08224
    -0.08420
    -0.08612
    -0.08801
    -0.08988
    -0.09171
    -0.09352
    -0.09538
    -0.09714
    -0.09888
    -0.10059
    -0.10228
    -0.10396
    -0.10561
    -0.10724
    -0.10885
