     0.16051
     0.24822
     0.29613
     0.32752
     0.34977
     0.36567
     0.37666
     0.38368
     0.38737
     0.38826
     0.38676
     0.38319
     0.37786
     0.37102
     0.36290
     0.35368
     0.34355
     0.33268
     0.32119
     0.30923
     0.29691
     0.28432
     0.27156
     0.25870
     0.24581
     0.23295
     0.22016
     0.20748
     0.19496
     0.18263
     0.17051
     0.15863
     0.14703
     0.13572
     0.12475
     0.11414
     0.10394
     0.09413
     0.08478
     0.07598
     0.06767
     0.05993
     0.05278
     0.04631
     0.04037
     0.03502
     0.03029
     0.02601
     0.02226
     0.01886
     0.01589
     0.01323
     0.01084
     0.00863
     0.00667
     0.00488
     0.00324
     0.00173
     0.00031
    -0.00101
    -0.00232
    -0.00350
    -0.00462
    -0.00570
    -0.00673
    -0.00773
    -0.00869
    -0.00963
    -0.01055
    -0.01144
    -0.01232
    -0.01319
    -0.01404
    -0.01488
    -0.01572
    -0.01655
    -0.01737
    -0.01819
    -0.01900
    -0.01981
    -0.02062
    -0.02143
    -0.02224
    -0.02305
    -0.02393
    -0.02474
    -0.02555
    -0.02637
    -0.02719
    -0.02801
    -0.02884
    -0.02967
    -0.03050
    -0.03134
    -0.03219
    -0.03303
    -0.03389
    -0.03474
    -0.03561
    -0.03647
    -0.03735
    -0.03823
    -0.03911
    -0.04000
    -0.04090
    -0.04180
    -0.04271
    -0.04362
    -0.04455
    -0.04547
    -0.04641
    -0.04735
    -0.04830
    -0.04925
    -0.05021
    -0.05118
    -0.05215
    -0.05313
    -0.05412
    -0.05512
    -0.05612
    -0.05713
    -0.05815
    -0.05917
    -0.06020
    -0.06124
    -0.06228
    -0.06333
    -0.06439
    -0.06546
    -0.06654
    -0.06762
    -0.06871
    -0.06980
    -0.07091
    -0.07202
    -0.07313
    -0.07426
    -0.07539
    -0.07653
    -0.07768
    -0.07884
    -0.08000
    -0.08117
    -0.08235
    -0.08354
    -0.08473
    -0.08593
    -0.08714
    -0.08836
