     0.06375
     0.10222
     0.13551
     0.16450
     0.19041
     0.21383
     0.23517
     0.25469
     0.27261
     0.28910
     0.30430
     0.31832
     0.33127
     0.34323
     0.35426
     0.36445
     0.37385
     0.38251
     0.39047
     0.39779
     0.40449
     0.41062
     0.41620
     0.42127
     0.42586
     0.42998
     0.43366
     0.43693
     0.43981
     0.44231
     0.44444
     0.44624
     0.44771
     0.44887
     0.44972
     0.45030
     0.45060
     0.45063
     0.45042
     0.44996
     0.44926
     0.44836
     0.44723
     0.44591
     0.44439
     0.44267
     0.44078
     0.43871
     0.43648
     0.43408
     0.43153
     0.42883
     0.42598
     0.42300
     0.41988
     0.41664
     0.41327
     0.40978
     0.40618
     0.40247
     0.39866
     0.39475
     0.39074
     0.38663
     0.38244
     0.37816
     0.37380
     0.36936
     0.36485
     0.36027
     0.35562
     0.35090
     0.34612
     0.34128
     0.33639
     0.33144
     0.32645
     0.32140
     0.31631
     0.31118
     0.30601
     0.30081
     0.29556
     0.29029
     0.28499
     0.27966
     0.27430
     0.26893
     0.26353
     0.25811
     0.25268
     0.24723
     0.24177
     0.23630
     0.23083
     0.22534
     0.21986
     0.21437
     0.20888
     0.20339
     0.19790
     0.19242
     0.18694
     0.18147
     0.17601
     0.17056
     0.16513
     0.15970
     0.15430
     0.14891
     0.14353
     0.13818
     0.13285
     0.12753
     0.12225
     0.11698
     0.11175
     0.10653
     0.10135
     0.09620
     0.09107
     0.08598
     0.08092
     0.07589
     0.07090
     0.06594
     0.06102
     0.05608
     0.05123
     0.04641
     0.04164
     0.03690
     0.03214
     0.02748
     0.02286
     0.01829
     0.01369
     0.00919
     0.00473
     0.00032
    -0.00411
    -0.00844
    -0.01272
    -0.01702
    -0.02122
    -0.02538
    -0.02944
    -0.03357
    -0.03734
    -0.04128
