     0.03125
     0.04905
     0.06331
     0.07575
     0.08619
     0.09533
     0.10332
     0.11044
     0.11666
     0.12216
     0.12705
     0.13129
     0.13497
     0.13817
     0.14090
     0.14320
     0.14512
     0.14667
     0.14788
     0.14877
     0.14937
     0.14970
     0.14976
     0.14958
     0.14917
     0.14855
     0.14773
     0.14672
     0.14553
     0.14417
     0.14265
     0.14099
     0.13919
     0.13726
     0.13520
     0.13303
     0.13075
     0.12837
     0.12589
     0.12333
     0.12063
     0.11791
     0.11512
     0.11226
     0.10934
     0.10638
     0.10330
     0.10024
     0.09714
     0.09400
     0.09084
     0.08765
     0.08438
     0.08115
     0.07790
     0.07465
     0.07140
     0.06808
     0.06482
     0.06157
     0.05833
     0.05504
     0.05182
     0.04863
     0.04545
     0.04224
     0.03911
     0.03601
     0.03294
     0.02985
     0.02684
     0.02388
     0.02095
     0.01800
     0.01516
     0.01235
     0.00959
     0.00681
     0.00414
     0.00152
    -0.00113
    -0.00366
    -0.00614
    -0.00858
    -0.01103
    -0.01337
    -0.01565
    -0.01796
    -0.02020
    -0.02236
    -0.02450
    -0.05407
    -0.02850
    -0.03068
    -0.03263
    -0.03450
    -0.03634
    -0.03822
    -0.03999
    -0.04173
    -0.04344
    -0.04518
    -0.04682
    -0.04843
    -0.05000
    -0.05155
    -0.05307
    -0.05456
    -0.05602
    -0.05753
    -0.05894
    -0.06033
    -0.06171
    -0.06306
    -0.06439
    -0.06570
    -0.06699
    -0.06827
    -0.06953
    -0.07078
    -0.07201
    -0.07324
    -0.07445
    -0.07571
    -0.07690
    -0.07809
    -0.07926
    -0.08043
    -0.08158
    -0.08274
    -0.08389
    -0.08503
    -0.08617
    -0.08730
    -0.08844
    -0.08957
    -0.09070
    -0.09182
    -0.09295
    -0.09408
    -0.09520
    -0.09633
    -0.09746
    -0.09859
    -0.09972
    -0.10085
    -0.10199
    -0.10313
    -0.10427
    -0.10542
