     0.02109
     0.03356
     0.04113
     0.04798
     0.05367
     0.05908
     0.06272
     0.06594
     0.06871
     0.07099
     0.07288
     0.07431
     0.07539
     0.07614
     0.07660
     0.07679
     0.07673
     0.07645
     0.07596
     0.07528
     0.07443
     0.07341
     0.07225
     0.07089
     0.06946
     0.06792
     0.06627
     0.06452
     0.06269
     0.06079
     0.05874
     0.05670
     0.05460
     0.05245
     0.05026
     0.04798
     0.04573
     0.04345
     0.04115
     0.03885
     0.03648
     0.03416
     0.03185
     0.02956
     0.02721
     0.02493
     0.02268
     0.02045
     0.01826
     0.01602
     0.01388
     0.01178
     0.00966
     0.00763
     0.00565
     0.00371
     0.00708
     0.00483
    -0.00195
    -0.00370
    -0.00545
    -0.00716
    -0.00906
    -0.01075
    -0.01230
    -0.01359
    -0.01501
    -0.01644
    -0.00001
    -0.01912
    -0.02048
    -0.02175
    -0.02298
    -0.02418
    -0.02536
    -0.02650
    -0.02769
    -0.02878
    -0.02985
    -0.03089
    -0.03192
    -0.03292
    -0.03390
    -0.03487
    -0.03582
    -0.03676
    -0.03768
    -0.03859
    -0.03949
    -0.04037
    -0.04125
    -0.04219
    -0.04305
    -0.04391
    -0.04476
    -0.04561
    -0.04645
    -0.04729
    -0.04813
    -0.04897
    -0.04980
    -0.05064
    -0.05147
    -0.05231
    -0.05315
    -0.05398
    -0.05482
    -0.05567
    -0.05651
    -0.05736
    -0.05822
    -0.05907
    -0.05993
    -0.06080
    -0.06167
    -0.06255
    -0.06343
    -0.06431
    -0.06521
    -0.06611
    -0.06701
    -0.06792
    -0.06884
    -0.06976
    -0.07070
    -0.07157
    -0.07251
    -0.07347
    -0.07443
    -0.07539
    -0.07637
    -0.07735
    -0.07834
    -0.07934
    -0.08035
    -0.08136
    -0.08238
    -0.08341
    -0.08445
    -0.08550
    -0.08655
    -0.08762
    -0.08869
    -0.08977
    -0.09085
    -0.09195
    -0.09305
    -0.09417
    -0.09529
    -0.09642
