     0.05027
     0.08097
     0.10672
     0.12904
     0.14875
     0.16648
     0.18251
     0.19708
     0.21036
     0.22249
     0.23357
     0.24369
     0.25294
     0.26139
     0.26909
     0.27610
     0.28247
     0.28825
     0.29346
     0.29814
     0.30234
     0.30607
     0.30936
     0.31224
     0.31472
     0.31684
     0.31861
     0.32004
     0.32116
     0.32197
     0.32251
     0.32277
     0.32277
     0.32252
     0.32204
     0.32133
     0.32040
     0.31928
     0.31795
     0.31644
     0.31475
     0.31288
     0.31085
     0.30867
     0.30633
     0.30385
     0.30123
     0.29848
     0.29561
     0.29261
     0.28950
     0.28628
     0.28295
     0.27953
     0.27601
     0.27239
     0.26870
     0.26491
     0.26105
     0.25712
     0.25312
     0.24905
     0.24491
     0.24072
     0.23647
     0.23217
     0.22783
     0.22343
     0.21900
     0.21452
     0.21001
     0.20546
     0.20089
     0.19629
     0.19166
     0.18701
     0.18235
     0.17766
     0.17297
     0.16826
     0.16354
     0.15882
     0.15409
     0.14936
     0.14464
     0.13991
     0.13520
     0.13048
     0.12578
     0.12109
     0.11642
     0.11176
     0.10711
     0.10249
     0.09789
     0.09331
     0.08871
     0.08418
     0.07967
     0.07520
     0.07075
     0.06628
     0.06190
     0.05755
     0.05323
     0.04890
     0.04465
     0.04045
     0.03628
     0.03209
     0.02800
     0.02396
     0.01996
     0.01593
     0.01201
     0.00814
     0.00425
     0.00046
    -0.00328
    -0.00697
    -0.01068
    -0.01429
    -0.01784
    -0.02141
    -0.02488
    -0.02829
    -0.03172
    -0.03505
    -0.03507
    -0.04155
    -0.04232
    -0.04792
    -0.04951
    -0.05324
    -0.05715
    -0.06007
    -0.06305
    -0.06593
    -0.06949
    -0.07112
    -0.07437
    -0.07406
    -0.07970
    -0.08235
    -0.08491
    -0.08744
    -0.08992
    -0.09244
    -0.09485
    -0.09723
