     0.98302
     1.53297
     1.85875
     2.09494
     2.28363
     2.44050
     2.57353
     2.68769
     2.78640
     2.87216
     2.94684
     3.01192
     3.06855
     3.11768
     3.16008
     3.19640
     3.22719
     3.25292
     3.27400
     3.29078
     3.30358
     3.31266
     3.31828
     3.32067
     3.32002
     3.31653
     3.31036
     3.30167
     3.29060
     3.27729
     3.26188
     3.24447
     3.22517
     3.20411
     3.18137
     3.15706
     3.13126
     3.10407
     3.07556
     3.04583
     3.01494
     2.98297
     2.94999
     2.91607
     2.88128
     2.84568
     2.80933
     2.77230
     2.73464
     2.69640
     2.65763
     2.61840
     2.57874
     2.53870
     2.49834
     2.45768
     2.41677
     2.37566
     2.33437
     2.29295
     2.25142
     2.20982
     2.16818
     2.12653
     2.08489
     2.04329
     2.00176
     1.96031
     1.91897
     1.87776
     1.83669
     1.79579
     1.75506
     1.71453
     1.67421
     1.63412
     1.59425
     1.55464
     1.51528
     1.47619
     1.43737
     1.39885
     1.36062
     1.32269
     1.28508
     1.24779
     1.21084
     1.17422
     1.13794
     1.10203
     1.06647
     1.03130
     0.99651
     0.96211
     0.92812
     0.89455
     0.86142
     0.82874
     0.79652
     0.76478
     0.73354
     0.70282
     0.67264
     0.64303
     0.61401
     0.58560
     0.55783
     0.53073
     0.50432
     0.47863
     0.45370
     0.42954
     0.40617
     0.38363
     0.36192
     0.34107
     0.32108
     0.30195
     0.28369
     0.26628
     0.24972
     0.23399
     0.21907
     0.20493
     0.19153
     0.17886
     0.16688
     0.15554
     0.14482
     0.13468
     0.12509
     0.11600
     0.10739
     0.09922
     0.09147
     0.08410
     0.07709
     0.07041
     0.06404
     0.05796
     0.05215
     0.04658
     0.04125
     0.03613
     0.03122
     0.02642
     0.02186
     0.01745
     0.01320
     0.00902
