     0.90943
     1.41801
     1.71883
     1.93657
     2.11020
     2.25426
     2.37614
     2.48045
     2.57036
     2.64818
     2.71566
     2.77416
     2.82475
     2.86831
     2.90556
     2.93711
     2.96348
     2.98509
     3.00234
     3.01555
     3.02501
     3.03099
     3.03372
     3.03342
     3.03028
     3.02447
     3.01615
     3.00548
     2.99260
     2.97764
     2.96071
     2.94194
     2.92143
     2.89929
     2.87561
     2.85050
     2.82403
     2.79629
     2.76738
     2.73735
     2.70630
     2.67429
     2.64140
     2.60768
     2.57321
     2.53804
     2.50224
     2.46587
     2.42897
     2.39161
     2.35382
     2.31566
     2.27719
     2.23842
     2.19943
     2.16023
     2.12087
     2.08139
     2.04182
     2.00219
     1.96253
     1.92287
     1.88324
     1.84367
     1.80417
     1.76477
     1.72549
     1.68635
     1.64737
     1.60857
     1.56996
     1.53156
     1.49337
     1.45542
     1.41771
     1.38026
     1.34308
     1.30618
     1.26956
     1.23324
     1.19722
     1.16152
     1.12615
     1.09110
     1.05640
     1.02205
     0.98806
     0.95444
     0.92120
     0.88835
     0.85590
     0.82387
     0.79228
     0.76113
     0.73044
     0.70023
     0.67052
     0.64134
     0.61269
     0.58461
     0.55713
     0.53026
     0.50403
     0.47848
     0.45363
     0.42950
     0.40613
     0.38354
     0.36174
     0.34077
     0.32064
     0.30135
     0.28291
     0.26532
     0.24858
     0.23267
     0.21758
     0.20329
     0.18977
     0.17699
     0.16491
     0.15351
     0.14275
     0.13259
     0.12299
     0.11392
     0.10535
     0.09724
     0.08956
     0.08228
     0.07537
     0.06880
     0.06256
     0.05661
     0.05093
     0.04551
     0.04032
     0.03530
     0.03052
     0.02594
     0.02153
     0.01722
     0.01312
     0.00916
     0.00532
     0.00155
    -0.00205
    -0.00555
    -0.00895
    -0.01226
