     0.28243
     0.43852
     0.52724
     0.58846
     0.63475
     0.67080
     0.69901
     0.72088
     0.73748
     0.74958
     0.75780
     0.76262
     0.76444
     0.76359
     0.76037
     0.75503
     0.74780
     0.73888
     0.72844
     0.71667
     0.70372
     0.68972
     0.67481
     0.65912
     0.64274
     0.62580
     0.60837
     0.59056
     0.57244
     0.55409
     0.53557
     0.51694
     0.49825
     0.47956
     0.46090
     0.44232
     0.42385
     0.40552
     0.38735
     0.36938
     0.35162
     0.33410
     0.31683
     0.29983
     0.28313
     0.26674
     0.25067
     0.23496
     0.21963
     0.20470
     0.19019
     0.17615
     0.16259
     0.14957
     0.13711
     0.12525
     0.11403
     0.10347
     0.09360
     0.08435
     0.07579
     0.06797
     0.06072
     0.05410
     0.04811
     0.04259
     0.03762
     0.03304
     0.02890
     0.02513
     0.02160
     0.01841
     0.01547
     0.01268
     0.01014
     0.00777
     0.00555
     0.00346
     0.00142
    -0.00045
    -0.00224
    -0.00394
    -0.00557
    -0.00714
    -0.00865
    -0.01018
    -0.01160
    -0.01298
    -0.01432
    -0.01563
    -0.01691
    -0.01817
    -0.01941
    -0.02062
    -0.02182
    -0.02300
    -0.02417
    -0.02533
    -0.02647
    -0.02761
    -0.02880
    -0.02992
    -0.03104
    -0.03215
    -0.03325
    -0.03435
    -0.03545
    -0.03655
    -0.03765
    -0.03874
    -0.03983
    -0.04093
    -0.04202
    -0.04312
    -0.04421
    -0.04531
    -0.04641
    -0.04752
    -0.04862
    -0.04973
    -0.05084
    -0.05195
    -0.05307
    -0.05419
    -0.05532
    -0.05645
    -0.05758
    -0.05872
    -0.05986
    -0.06101
    -0.06216
    -0.06332
    -0.06448
    -0.06565
    -0.06683
    -0.06801
    -0.06919
    -0.07038
    -0.07158
    -0.07278
    -0.07399
    -0.07520
    -0.07642
    -0.07765
    -0.07888
    -0.08012
    -0.08143
    -0.08268
    -0.08394
    -0.08520
