     0.03836
     0.06387
     0.08377
     0.10071
     0.11554
     0.12866
     0.14040
     0.15096
     0.16049
     0.16908
     0.17682
     0.18380
     0.19007
     0.19570
     0.20072
     0.20520
     0.20916
     0.21264
     0.21568
     0.21829
     0.22052
     0.22237
     0.22388
     0.22507
     0.22594
     0.22653
     0.22683
     0.22688
     0.22669
     0.22625
     0.22560
     0.22474
     0.22367
     0.22242
     0.22099
     0.21939
     0.21762
     0.21570
     0.21363
     0.21142
     0.20908
     0.20662
     0.20403
     0.20133
     0.19853
     0.19562
     0.19262
     0.18952
     0.18635
     0.18309
     0.17975
     0.17634
     0.17287
     0.16934
     0.16574
     0.16210
     0.15840
     0.15467
     0.15088
     0.14707
     0.14322
     0.13933
     0.13543
     0.13150
     0.12755
     0.12358
     0.11961
     0.11562
     0.11163
     0.10758
     0.10358
     0.09958
     0.09559
     0.09160
     0.08757
     0.08360
     0.07965
     0.07572
     0.07181
     0.06786
     0.06399
     0.06015
     0.05633
     0.05248
     0.04873
     0.04500
     0.04132
     0.03760
     0.03398
     0.03040
     0.02680
     0.02330
     0.01984
     0.01643
     0.01300
     0.00967
     0.00639
     0.00315
    -0.00010
    -0.00325
    -0.00634
    -0.00945
    -0.01246
    -0.01541
    -0.01831
    -0.02124
    -0.02404
    -0.02680
    -0.02647
    -0.03224
    -0.03266
    -0.03746
    -0.04006
    -0.04256
    -0.04561
    -0.04756
    -0.04641
    -0.05217
    -0.05442
    -0.05670
    -0.05888
    -0.06103
    -0.06314
    -0.06527
    -0.06731
    -0.06932
    -0.07129
    -0.07322
    -0.07512
    -0.07707
    -0.07891
    -0.08072
    -0.08251
    -0.08427
    -0.08600
    -0.08771
    -0.08946
    -0.09112
    -0.09276
    -0.09438
    -0.09597
    -0.09755
    -0.09911
    -0.10065
    -0.10218
    -0.10369
    -0.10518
    -0.10667
    -0.10813
    -0.10959
