     0.74093
     1.15477
     1.39848
     1.57399
     1.71320
     1.82798
     1.92441
     2.00624
     2.07607
     2.13581
     2.18689
     2.23042
     2.26730
     2.29825
     2.32387
     2.34468
     2.36109
     2.37347
     2.38215
     2.38742
     2.38952
     2.38867
     2.38510
     2.37897
     2.37047
     2.35974
     2.34693
     2.33218
     2.31561
     2.29735
     2.27751
     2.25618
     2.23349
     2.20951
     2.18435
     2.15809
     2.13081
     2.10259
     2.07352
     2.04366
     2.01308
     1.98186
     1.95005
     1.91772
     1.88492
     1.85171
     1.81814
     1.78426
     1.75013
     1.71578
     1.68125
     1.64660
     1.61185
     1.57704
     1.54220
     1.50737
     1.47258
     1.43784
     1.40319
     1.36866
     1.33425
     1.30000
     1.26591
     1.23202
     1.19833
     1.16486
     1.13162
     1.09863
     1.06590
     1.03344
     1.00126
     0.96937
     0.93778
     0.90651
     0.87556
     0.84494
     0.81466
     0.78474
     0.75518
     0.72600
     0.69721
     0.66883
     0.64086
     0.61333
     0.58626
     0.55965
     0.53354
     0.50795
     0.48289
     0.45840
     0.43451
     0.41123
     0.38860
     0.36665
     0.34541
     0.32490
     0.30515
     0.28617
     0.26799
     0.25063
     0.23408
     0.21835
     0.20343
     0.18932
     0.17599
     0.16343
     0.15160
     0.14047
     0.13002
     0.12020
     0.11097
     0.10231
     0.09416
     0.08650
     0.07929
     0.07250
     0.06609
     0.06004
     0.05426
     0.04883
     0.04367
     0.03872
     0.03405
     0.02959
     0.02533
     0.02120
     0.01729
     0.01353
     0.00992
     0.00638
     0.00301
    -0.00024
    -0.00338
    -0.00643
    -0.00945
    -0.01233
    -0.01513
    -0.01786
    -0.02052
    -0.02312
    -0.02572
    -0.02822
    -0.03067
    -0.03306
    -0.03541
    -0.03772
    -0.04000
    -0.04230
    -0.04450
    -0.04668
