     1.23466
     1.92605
     2.33715
     2.63649
     2.87671
     3.07743
     3.24864
     3.39656
     3.52547
     3.63848
     3.73794
     3.82567
     3.90312
     3.97146
     4.03165
     4.08449
     4.13065
     4.17073
     4.20520
     4.23450
     4.25902
     4.27907
     4.29497
     4.30698
     4.31534
     4.32027
     4.32196
     4.32060
     4.31635
     4.30938
     4.29981
     4.28780
     4.27345
     4.25690
     4.23825
     4.21761
     4.19507
     4.17074
     4.14471
     4.11705
     4.08787
     4.05722
     4.02520
     3.99188
     3.95732
     3.92160
     3.88478
     3.84693
     3.80810
     3.76837
     3.72778
     3.68640
     3.64428
     3.60147
     3.55802
     3.51398
     3.46940
     3.42432
     3.37880
     3.33286
     3.28656
     3.23993
     3.19302
     3.14585
     3.09847
     3.05090
     3.00318
     2.95534
     2.90742
     2.85943
     2.81140
     2.76337
     2.71535
     2.66737
     2.61945
     2.57162
     2.52388
     2.47626
     2.42878
     2.38145
     2.33429
     2.28732
     2.24054
     2.19397
     2.14763
     2.10152
     2.05565
     2.01004
     1.96470
     1.91962
     1.87483
     1.83034
     1.78614
     1.74224
     1.69867
     1.65541
     1.61248
     1.56988
     1.52763
     1.48573
     1.44419
     1.40301
     1.36220
     1.32178
     1.28174
     1.24211
     1.20288
     1.16408
     1.12571
     1.08778
     1.05031
     1.01332
     0.97682
     0.94082
     0.90534
     0.87041
     0.83605
     0.80227
     0.76910
     0.73656
     0.70469
     0.67350
     0.64303
     0.61329
     0.58433
     0.55615
     0.52879
     0.50227
     0.47662
     0.45183
     0.42795
     0.40496
     0.38287
     0.36170
     0.34142
     0.32204
     0.30354
     0.28590
     0.26909
     0.25310
     0.23789
     0.22343
     0.20969
     0.19664
     0.18424
     0.17245
     0.16124
     0.15058
     0.14044
     0.13078
