     1.28998
     2.01247
     2.44233
     2.75556
     3.00711
     3.21749
     3.39711
     3.55246
     3.68803
     3.80705
     3.91197
     4.00471
     4.08676
     4.15935
     4.22348
     4.27998
     4.32956
     4.37282
     4.41028
     4.44240
     4.46954
     4.49206
     4.51029
     4.52448
     4.53489
     4.54174
     4.54525
     4.54558
     4.54293
     4.53745
     4.52927
     4.51856
     4.50542
     4.48999
     4.47237
     4.45268
     4.43101
     4.40747
     4.38215
     4.35512
     4.32649
     4.29633
     4.26472
     4.23172
     4.19743
     4.16190
     4.12520
     4.08740
     4.04856
     4.00875
     3.96801
     3.92641
     3.88401
     3.84085
     3.79699
     3.75248
     3.70737
     3.66170
     3.61553
     3.56888
     3.52182
     3.47437
     3.42658
     3.37849
     3.33012
     3.28153
     3.23273
     3.18377
     3.13467
     3.08546
     3.03618
     2.98685
     2.93749
     2.88813
     2.83880
     2.78951
     2.74029
     2.69116
     2.64213
     2.59323
     2.54446
     2.49586
     2.44743
     2.39918
     2.35113
     2.30330
     2.25569
     2.20831
     2.16118
     2.11431
     2.06770
     2.02137
     1.97532
     1.92956
     1.88410
     1.83895
     1.79411
     1.74959
     1.70540
     1.66155
     1.61803
     1.57486
     1.53205
     1.48960
     1.44753
     1.40583
     1.36451
     1.32360
     1.28309
     1.24299
     1.20332
     1.16409
     1.12531
     1.08700
     1.04917
     1.01183
     0.97500
     0.93870
     0.90296
     0.86779
     0.83321
     0.79924
     0.76592
     0.73326
     0.70130
     0.67006
     0.63956
     0.60984
     0.58092
     0.55281
     0.52556
     0.49917
     0.47366
     0.44906
     0.42536
     0.40257
     0.38071
     0.35975
     0.33969
     0.32053
     0.30224
     0.28480
     0.26818
     0.25237
     0.23732
     0.22300
     0.20939
     0.19645
     0.18414
     0.17243
