     0.03725
     0.05876
     0.07800
     0.09368
     0.10724
     0.11890
     0.12964
     0.13917
     0.14772
     0.15541
     0.16230
     0.16847
     0.17398
     0.17889
     0.18324
     0.18708
     0.19043
     0.19334
     0.19583
     0.19793
     0.19967
     0.20106
     0.20213
     0.20290
     0.20338
     0.20359
     0.20355
     0.20327
     0.20276
     0.20204
     0.20111
     0.19999
     0.19868
     0.19721
     0.19556
     0.19376
     0.19182
     0.18973
     0.18751
     0.18516
     0.18270
     0.18012
     0.17744
     0.17465
     0.17178
     0.16881
     0.16576
     0.16263
     0.15943
     0.15616
     0.15282
     0.14943
     0.14598
     0.14248
     0.13894
     0.13536
     0.13173
     0.12808
     0.12440
     0.12069
     0.11696
     0.11321
     0.10939
     0.10561
     0.10182
     0.09803
     0.09424
     0.09039
     0.08660
     0.08282
     0.07904
     0.07523
     0.07148
     0.06774
     0.06403
     0.06035
     0.05662
     0.05298
     0.04937
     0.04579
     0.04218
     0.03866
     0.03518
     0.03167
     0.02826
     0.02490
     0.02157
     0.01822
     0.01498
     0.01178
     0.00863
     0.00546
     0.00239
    -0.00062
    -0.00366
    -0.00658
    -0.00946
    -0.01228
    -0.01512
    -0.01786
    -0.02054
    -0.02323
    -0.02582
    -0.02834
    -0.03089
    -0.03337
    -0.03580
    -0.03849
    -0.04332
    -0.04290
    -0.04511
    -0.03607
    -0.04940
    -0.05156
    -0.05362
    -0.05565
    -0.05763
    -0.05965
    -0.06157
    -0.06346
    -0.06531
    -0.06713
    -0.06891
    -0.07074
    -0.07247
    -0.07418
    -0.07585
    -0.07750
    -0.07913
    -0.08073
    -0.08230
    -0.08386
    -0.08546
    -0.08698
    -0.08848
    -0.08996
    -0.09142
    -0.09287
    -0.09430
    -0.09572
    -0.09713
    -0.09852
    -0.09990
    -0.10127
    -0.10263
    -0.10399
    -0.10533
    -0.10666
    -0.10799
    -0.10931
