     0.06758
     0.11158
     0.14805
     0.18005
     0.20862
     0.23451
     0.25812
     0.27978
     0.29969
     0.31806
     0.33503
     0.35074
     0.36527
     0.37874
     0.39122
     0.40278
     0.41349
     0.42339
     0.43255
     0.44101
     0.44881
     0.45598
     0.46257
     0.46860
     0.47411
     0.47912
     0.48365
     0.48773
     0.49139
     0.49464
     0.49750
     0.49997
     0.50210
     0.50390
     0.50537
     0.50653
     0.50739
     0.50796
     0.50826
     0.50830
     0.50809
     0.50764
     0.50695
     0.50604
     0.50491
     0.50358
     0.50205
     0.50032
     0.49842
     0.49633
     0.49407
     0.49165
     0.48907
     0.48634
     0.48346
     0.48043
     0.47727
     0.47398
     0.47056
     0.46702
     0.46336
     0.45959
     0.45570
     0.45171
     0.44763
     0.44344
     0.43916
     0.43479
     0.43033
     0.42579
     0.42117
     0.41647
     0.41170
     0.40686
     0.40196
     0.39699
     0.39195
     0.38686
     0.38172
     0.37652
     0.37127
     0.36597
     0.36063
     0.35524
     0.34982
     0.34435
     0.33886
     0.33332
     0.32776
     0.32217
     0.31655
     0.31091
     0.30524
     0.29956
     0.29386
     0.28814
     0.28240
     0.27665
     0.27090
     0.26513
     0.25936
     0.25358
     0.24780
     0.24201
     0.23623
     0.23044
     0.22466
     0.21888
     0.21311
     0.20735
     0.20159
     0.19585
     0.19012
     0.18439
     0.17869
     0.17300
     0.16732
     0.16166
     0.15603
     0.15041
     0.14481
     0.13924
     0.13369
     0.12816
     0.12266
     0.11719
     0.11174
     0.10632
     0.10093
     0.09557
     0.09025
     0.08495
     0.07969
     0.07446
     0.06927
     0.06411
     0.05899
     0.05390
     0.04885
     0.04385
     0.03882
     0.03388
     0.02898
     0.02413
     0.01925
     0.01447
     0.00973
     0.00504
     0.00032
    -0.00430
