     0.03439
     0.05473
     0.07123
     0.08528
     0.09737
     0.10803
     0.11745
     0.12590
     0.13336
     0.14002
     0.14596
     0.15123
     0.15589
     0.16000
     0.16359
     0.16671
     0.16939
     0.17166
     0.17355
     0.17508
     0.17628
     0.17717
     0.17776
     0.17808
     0.17813
     0.17795
     0.17753
     0.17689
     0.17605
     0.17502
     0.17380
     0.17241
     0.17086
     0.16915
     0.16729
     0.16530
     0.16318
     0.16093
     0.15857
     0.15610
     0.15352
     0.15085
     0.14809
     0.14525
     0.14232
     0.13933
     0.13626
     0.13313
     0.12995
     0.12671
     0.12342
     0.12009
     0.11667
     0.11326
     0.10982
     0.10635
     0.10286
     0.09935
     0.09577
     0.09223
     0.08869
     0.08514
     0.08159
     0.07797
     0.07443
     0.07089
     0.06736
     0.06379
     0.06029
     0.05680
     0.05335
     0.04985
     0.04644
     0.04306
     0.03971
     0.03633
     0.03305
     0.02980
     0.02659
     0.02335
     0.02022
     0.01713
     0.01408
     0.01101
     0.00805
     0.00513
     0.00220
    -0.00062
    -0.00340
    -0.00613
    -0.00887
    -0.01151
    -0.01409
    -0.01669
    -0.01918
    -0.02161
    -0.02406
    -0.02638
    -0.02876
    -0.03103
    -0.03388
    -0.03560
    -0.03765
    -0.03975
    -0.04177
    -0.04383
    -0.04579
    -0.04771
    -0.04959
    -0.05144
    -0.05333
    -0.05511
    -0.05686
    -0.05858
    -0.06027
    -0.06192
    -0.06362
    -0.06522
    -0.06680
    -0.06835
    -0.06987
    -0.07138
    -0.07286
    -0.07432
    -0.07575
    -0.07717
    -0.07858
    -0.08003
    -0.08140
    -0.08276
    -0.08410
    -0.08543
    -0.08674
    -0.08805
    -0.08934
    -0.09062
    -0.09190
    -0.09316
    -0.09442
    -0.09567
    -0.09692
    -0.09816
    -0.09939
    -0.10062
    -0.10185
    -0.10307
    -0.10430
    -0.10552
    -0.10673
    -0.10795
