    -0.00097
     0.02655
     0.03331
     0.03866
     0.04291
     0.04657
     0.04918
     0.05368
     0.05307
     0.05444
     0.05538
     0.05600
     0.05633
     0.05640
     0.05624
     0.05587
     0.05531
     0.05457
     0.05367
     0.05257
     0.05140
     0.05011
     0.04871
     0.04722
     0.04565
     0.04400
     0.04222
     0.04044
     0.03862
     0.03676
     0.03486
     0.03287
     0.03092
     0.02896
     0.02699
     0.02502
     0.02299
     0.02103
     0.01909
     0.01717
     0.01520
     0.01333
     0.01148
     0.00967
     0.00783
     0.01219
     0.00440
     0.00269
     0.00678
    -0.00053
    -0.00208
    -0.00357
    -0.00531
    -0.00678
    -0.00840
    -0.00940
    -0.01058
    -0.01175
    -0.01296
    -0.01410
    -0.01520
    -0.01634
     0.00005
    -0.01842
    -0.01941
    -0.02037
    -0.02131
    -0.02230
    -0.02319
    -0.02407
    -0.02493
    -0.02577
    -0.02659
    -0.02740
    -0.02819
    -0.02898
    -0.02975
    -0.03051
    -0.03127
    -0.03201
    -0.03276
    -0.03349
    -0.03422
    -0.03495
    -0.03568
    -0.03640
    -0.03712
    -0.03785
    -0.03857
    -0.03929
    -0.04002
    -0.04074
    -0.04147
    -0.04220
    -0.04294
    -0.04368
    -0.04442
    -0.04517
    -0.04592
    -0.04668
    -0.04744
    -0.04821
    -0.04899
    -0.04977
    -0.05055
    -0.05135
    -0.05215
    -0.05295
    -0.05377
    -0.05459
    -0.05541
    -0.05625
    -0.05709
    -0.05794
    -0.05880
    -0.05966
    -0.06054
    -0.06142
    -0.06231
    -0.06320
    -0.06411
    -0.06502
    -0.06594
    -0.06687
    -0.06781
    -0.06876
    -0.06971
    -0.07067
    -0.07164
    -0.07262
    -0.07361
    -0.07461
    -0.07561
    -0.07662
    -0.07764
    -0.07867
    -0.07971
    -0.08076
    -0.08181
    -0.08288
    -0.08395
    -0.08503
    -0.08612
    -0.08722
    -0.08833
    -0.08944
    -0.09057
    -0.09170
    -0.09284
    -0.09399
