     0.52152
     0.81199
     0.98140
     1.10204
     1.19656
     1.27341
     1.33688
     1.38968
     1.43364
     1.47013
     1.50019
     1.52461
     1.54406
     1.55907
     1.57007
     1.57745
     1.58153
     1.58260
     1.58091
     1.57667
     1.57010
     1.56138
     1.55067
     1.53813
     1.52390
     1.50812
     1.49091
     1.47241
     1.45270
     1.43190
     1.41010
     1.38741
     1.36391
     1.33968
     1.31481
     1.28938
     1.26344
     1.23708
     1.21035
     1.18332
     1.15603
     1.12854
     1.10091
     1.07316
     1.04536
     1.01753
     0.98971
     0.96193
     0.93423
     0.90663
     0.87915
     0.85183
     0.82467
     0.79771
     0.77096
     0.74443
     0.71814
     0.69211
     0.66635
     0.64086
     0.61568
     0.59080
     0.56624
     0.54201
     0.51813
     0.49461
     0.47147
     0.44872
     0.42639
     0.40448
     0.38303
     0.36206
     0.34159
     0.32165
     0.30226
     0.28347
     0.26530
     0.24777
     0.23093
     0.21479
     0.19939
     0.18473
     0.17083
     0.15770
     0.14534
     0.13374
     0.12287
     0.11273
     0.10327
     0.09447
     0.08628
     0.07868
     0.07154
     0.06496
     0.05877
     0.05304
     0.04770
     0.04262
     0.03793
     0.03347
     0.02931
     0.02540
     0.02169
     0.01812
     0.01478
     0.01160
     0.00857
     0.00560
     0.00282
     0.00014
    -0.00243
    -0.00491
    -0.00737
    -0.00969
    -0.01195
    -0.01414
    -0.01627
    -0.01834
    -0.02037
    -0.02241
    -0.02436
    -0.02626
    -0.02812
    -0.02996
    -0.03176
    -0.03354
    -0.03529
    -0.03701
    -0.03872
    -0.04047
    -0.04214
    -0.04379
    -0.04543
    -0.04705
    -0.04866
    -0.05026
    -0.05185
    -0.05343
    -0.05500
    -0.05656
    -0.05811
    -0.05966
    -0.06120
    -0.06274
    -0.06434
    -0.06587
    -0.06739
    -0.06892
    -0.07044
    -0.07196
