     1.05153
     1.64000
     1.98900
     2.24238
     2.44509
     2.61389
     2.75731
     2.88065
     2.98757
     3.08073
     3.16214
     3.23337
     3.29564
     3.34998
     3.39719
     3.43798
     3.47293
     3.50252
     3.52721
     3.54736
     3.56330
     3.57532
     3.58369
     3.58864
     3.59038
     3.58911
     3.58501
     3.57824
     3.56895
     3.55727
     3.54335
     3.52731
     3.50926
     3.48931
     3.46757
     3.44413
     3.41909
     3.39254
     3.36456
     3.33524
     3.30465
     3.27288
     3.23999
     3.20606
     3.17115
     3.13533
     3.09866
     3.06120
     3.02302
     2.98417
     2.94469
     2.90466
     2.86411
     2.82309
     2.78166
     2.73985
     2.69772
     2.65529
     2.61262
     2.56973
     2.52667
     2.48347
     2.44017
     2.39678
     2.35335
     2.30990
     2.26646
     2.22305
     2.17969
     2.13642
     2.09324
     2.05019
     2.00727
     1.96451
     1.92192
     1.87952
     1.83732
     1.79534
     1.75359
     1.71207
     1.67081
     1.62980
     1.58907
     1.54862
     1.50846
     1.46860
     1.42904
     1.38980
     1.35088
     1.31230
     1.27405
     1.23615
     1.19860
     1.16142
     1.12461
     1.08819
     1.05215
     1.01653
     0.98131
     0.94653
     0.91219
     0.87830
     0.84489
     0.81196
     0.77955
     0.74766
     0.71632
     0.68556
     0.65539
     0.62584
     0.59693
     0.56871
     0.54118
     0.51438
     0.48834
     0.46307
     0.43862
     0.41498
     0.39220
     0.37027
     0.34922
     0.32904
     0.30973
     0.29130
     0.27374
     0.25702
     0.24113
     0.22604
     0.21173
     0.19816
     0.18531
     0.17314
     0.16161
     0.15070
     0.14035
     0.13054
     0.12124
     0.11241
     0.10402
     0.09605
     0.08845
     0.08122
     0.07432
     0.06773
     0.06142
     0.05539
     0.04961
     0.04406
     0.03872
     0.03359
