     0.72195
     1.12512
     1.36240
     1.53316
     1.66849
     1.77999
     1.87355
     1.95286
     2.02044
     2.07815
     2.12739
     2.16925
     2.20460
     2.23415
     2.25848
     2.27809
     2.29340
     2.30476
     2.31251
     2.31690
     2.31820
     2.31664
     2.31238
     2.30564
     2.29656
     2.28532
     2.27205
     2.25689
     2.23996
     2.22139
     2.20127
     2.17973
     2.15685
     2.13274
     2.10748
     2.08117
     2.05388
     2.02569
     1.99669
     1.96694
     1.93651
     1.90547
     1.87387
     1.84179
     1.80928
     1.77639
     1.74318
     1.70969
     1.67597
     1.64206
     1.60801
     1.57385
     1.53963
     1.50537
     1.47110
     1.43686
     1.40268
     1.36858
     1.33458
     1.30071
     1.26699
     1.23344
     1.20007
     1.16690
     1.13395
     1.10123
     1.06875
     1.03654
     1.00459
     0.97292
     0.94154
     0.91046
     0.87970
     0.84925
     0.81914
     0.78937
     0.75996
     0.73091
     0.70223
     0.67395
     0.64608
     0.61862
     0.59161
     0.56504
     0.53896
     0.51337
     0.48830
     0.46378
     0.43982
     0.41647
     0.39374
     0.37166
     0.35027
     0.32959
     0.30965
     0.29047
     0.27207
     0.25447
     0.23769
     0.22171
     0.20655
     0.19220
     0.17864
     0.16585
     0.15381
     0.14249
     0.13185
     0.12186
     0.11249
     0.10369
     0.09542
     0.08766
     0.08036
     0.07349
     0.06702
     0.06092
     0.05510
     0.04963
     0.04445
     0.03948
     0.03479
     0.03033
     0.02608
     0.02194
     0.01804
     0.01429
     0.01069
     0.00717
     0.00382
     0.00059
    -0.00253
    -0.00561
    -0.00855
    -0.01140
    -0.01418
    -0.01688
    -0.01951
    -0.02214
    -0.02466
    -0.02713
    -0.02954
    -0.03191
    -0.03423
    -0.03651
    -0.03875
    -0.04102
    -0.04320
    -0.04536
    -0.04748
    -0.04957
